Automatically generated mesh
     252
Reciprocal lattice
    0.00000000000000    0.00000000000000    0.00000000000000             1
    0.10000000000000    0.00000000000000    0.00000000000000             2
    0.10000000000000   -0.10000000000000    0.00000000000000             2
    0.00000000000000   -0.10000000000000    0.00000000000000             2
    0.20000000000000    0.00000000000000    0.00000000000000             2
    0.20000000000000   -0.20000000000000    0.00000000000000             2
    0.00000000000000   -0.20000000000000    0.00000000000000             2
    0.30000000000000    0.00000000000000    0.00000000000000             2
    0.30000000000000   -0.30000000000000    0.00000000000000             2
    0.00000000000000   -0.30000000000000    0.00000000000000             2
    0.40000000000000    0.00000000000000    0.00000000000000             2
    0.40000000000000   -0.40000000000000    0.00000000000000             2
    0.00000000000000   -0.40000000000000    0.00000000000000             2
    0.50000000000000    0.00000000000000    0.00000000000000             1
    0.50000000000000    0.50000000000000    0.00000000000000             1
    0.00000000000000    0.50000000000000    0.00000000000000             1
    0.10000000000000    0.10000000000000    0.00000000000000             2
    0.20000000000000   -0.10000000000000    0.00000000000000             2
    0.10000000000000   -0.20000000000000    0.00000000000000             2
    0.20000000000000    0.10000000000000    0.00000000000000             2
    0.30000000000001   -0.20000000000000    0.00000000000000             2
    0.10000000000000   -0.30000000000000    0.00000000000000             2
   -0.10000000000000   -0.20000000000000    0.00000000000000             2
    0.20000000000000   -0.30000000000000    0.00000000000000             2
    0.30000000000001   -0.10000000000000    0.00000000000000             2
    0.30000000000000    0.10000000000000    0.00000000000000             2
    0.40000000000000   -0.30000000000000    0.00000000000000             2
    0.10000000000000   -0.40000000000000    0.00000000000000             2
   -0.10000000000000   -0.30000000000000    0.00000000000000             2
    0.30000000000000   -0.40000000000000    0.00000000000000             2
    0.40000000000000   -0.10000000000000    0.00000000000000             2
    0.40000000000000    0.10000000000000    0.00000000000000             2
    0.50000000000000   -0.40000000000000    0.00000000000000             2
    0.10000000000000    0.50000000000000    0.00000000000000             2
   -0.10000000000000   -0.40000000000000    0.00000000000000             2
    0.40000000000000    0.50000000000000    0.00000000000000             2
    0.50000000000000   -0.10000000000000    0.00000000000000             2
    0.20000000000000    0.20000000000000    0.00000000000000             2
    0.40000000000001   -0.20000000000000    0.00000000000000             2
    0.20000000000000   -0.40000000000000    0.00000000000000             2
    0.30000000000000    0.20000000000000    0.00000000000000             2
    0.50000000000000   -0.30000000000000    0.00000000000000             2
    0.20000000000000    0.50000000000000    0.00000000000000             2
   -0.20000000000000   -0.30000000000000    0.00000000000000             2
    0.30000000000000    0.50000000000000    0.00000000000000             2
    0.50000000000000   -0.20000000000000    0.00000000000000             2
    0.40000000000000    0.20000000000000    0.00000000000000             2
   -0.40000000000000   -0.40000000000000    0.00000000000000             2
    0.20000000000000    0.40000000000000    0.00000000000000             2
    0.30000000000000    0.30000000000000    0.00000000000000             2
   -0.40000000000000   -0.30000000000000    0.00000000000000             2
    0.30000000000000    0.40000000000001    0.00000000000000             2
    0.00000000000000    0.00000000000000    0.20000000000000             2
    0.10000000000000    0.00000000000000    0.20000000000000             2
    0.10000000000000   -0.10000000000000    0.20000000000000             2
    0.00000000000000   -0.10000000000000    0.20000000000000             2
   -0.10000000000000    0.00000000000000    0.20000000000000             2
   -0.10000000000000    0.10000000000000    0.20000000000000             2
    0.00000000000000    0.10000000000000    0.20000000000000             2
    0.20000000000000    0.00000000000000    0.20000000000000             2
    0.20000000000000   -0.20000000000000    0.20000000000000             2
    0.00000000000000   -0.20000000000000    0.20000000000000             2
   -0.20000000000000    0.00000000000000    0.20000000000000             2
   -0.20000000000000    0.20000000000000    0.20000000000000             2
    0.00000000000000    0.20000000000000    0.20000000000000             2
    0.30000000000000    0.00000000000000    0.20000000000000             2
    0.30000000000000   -0.30000000000000    0.20000000000000             2
    0.00000000000000   -0.30000000000000    0.20000000000000             2
   -0.30000000000000    0.00000000000000    0.20000000000000             2
   -0.30000000000000    0.30000000000000    0.20000000000000             2
    0.00000000000000    0.30000000000000    0.20000000000000             2
    0.40000000000000    0.00000000000000    0.20000000000000             2
    0.40000000000000   -0.40000000000000    0.20000000000000             2
    0.00000000000000   -0.40000000000000    0.20000000000000             2
   -0.40000000000000    0.00000000000000    0.20000000000000             2
   -0.40000000000000    0.40000000000000    0.20000000000000             2
    0.00000000000000    0.40000000000000    0.20000000000000             2
    0.50000000000000    0.00000000000000    0.20000000000000             2
    0.50000000000000    0.50000000000000    0.20000000000000             2
    0.00000000000000    0.50000000000000    0.20000000000000             2
    0.10000000000000    0.10000000000000    0.20000000000000             2
    0.20000000000000   -0.10000000000000    0.20000000000000             2
    0.10000000000000   -0.20000000000000    0.20000000000000             2
   -0.10000000000000   -0.10000000000000    0.20000000000000             2
   -0.20000000000000    0.10000000000000    0.20000000000000             2
   -0.10000000000000    0.20000000000000    0.20000000000000             2
    0.20000000000000    0.10000000000000    0.20000000000000             2
    0.30000000000001   -0.20000000000000    0.20000000000000             2
    0.10000000000000   -0.30000000000000    0.20000000000000             2
   -0.20000000000000   -0.10000000000000    0.20000000000000             2
   -0.30000000000000    0.20000000000000    0.20000000000000             2
   -0.10000000000000    0.30000000000001    0.20000000000000             2
   -0.10000000000000   -0.20000000000000   -0.20000000000000             2
    0.20000000000000   -0.30000000000000   -0.20000000000000             2
    0.30000000000001   -0.10000000000000   -0.20000000000000             2
    0.10000000000000    0.20000000000000   -0.20000000000000             2
   -0.20000000000000    0.30000000000001   -0.20000000000000             2
   -0.30000000000000    0.10000000000000   -0.20000000000000             2
    0.30000000000000    0.10000000000000    0.20000000000000             2
    0.40000000000000   -0.30000000000000    0.20000000000000             2
    0.10000000000000   -0.40000000000000    0.20000000000000             2
   -0.30000000000000   -0.10000000000000    0.20000000000000             2
   -0.40000000000000    0.30000000000000    0.20000000000000             2
   -0.10000000000000    0.40000000000000    0.20000000000000             2
   -0.10000000000000   -0.30000000000000   -0.20000000000000             2
    0.30000000000000   -0.40000000000000   -0.20000000000000             2
    0.40000000000000   -0.10000000000000   -0.20000000000000             2
    0.10000000000000    0.30000000000000   -0.20000000000000             2
   -0.30000000000000    0.40000000000000   -0.20000000000000             2
   -0.40000000000000    0.10000000000000   -0.20000000000000             2
    0.40000000000000    0.10000000000000    0.20000000000000             2
    0.50000000000000   -0.40000000000000    0.20000000000000             2
    0.10000000000000    0.50000000000000    0.20000000000000             2
   -0.40000000000000   -0.10000000000000    0.20000000000000             2
    0.50000000000000    0.40000000000000    0.20000000000000             2
   -0.10000000000000    0.50000000000000    0.20000000000000             2
   -0.10000000000000   -0.40000000000000   -0.20000000000000             2
    0.40000000000000    0.50000000000000   -0.20000000000000             2
    0.50000000000000   -0.10000000000000   -0.20000000000000             2
    0.10000000000000    0.40000000000000   -0.20000000000000             2
   -0.40000000000000    0.50000000000000   -0.20000000000000             2
    0.50000000000000    0.10000000000000   -0.20000000000000             2
    0.20000000000000    0.20000000000000    0.20000000000000             2
    0.40000000000001   -0.20000000000000    0.20000000000000             2
    0.20000000000000   -0.40000000000000    0.20000000000000             2
   -0.20000000000000   -0.20000000000000    0.20000000000000             2
   -0.40000000000000    0.20000000000000    0.20000000000000             2
   -0.20000000000000    0.40000000000001    0.20000000000000             2
    0.30000000000000    0.20000000000000    0.20000000000000             2
    0.50000000000000   -0.30000000000000    0.20000000000000             2
    0.20000000000000    0.50000000000000    0.20000000000000             2
   -0.30000000000000   -0.20000000000000    0.20000000000000             2
    0.50000000000000    0.30000000000000    0.20000000000000             2
   -0.20000000000000    0.50000000000000    0.20000000000000             2
   -0.20000000000000   -0.30000000000000   -0.20000000000000             2
    0.30000000000000    0.50000000000000   -0.20000000000000             2
    0.50000000000000   -0.20000000000000   -0.20000000000000             2
    0.20000000000000    0.30000000000000   -0.20000000000000             2
   -0.30000000000000    0.50000000000000   -0.20000000000000             2
    0.50000000000000    0.20000000000000   -0.20000000000000             2
    0.40000000000000    0.20000000000000    0.20000000000000             2
   -0.40000000000000   -0.40000000000000    0.20000000000000             2
    0.20000000000000    0.40000000000000    0.20000000000000             2
   -0.40000000000000   -0.20000000000000    0.20000000000000             2
    0.40000000000000    0.40000000000000    0.20000000000000             2
   -0.20000000000000   -0.40000000000000    0.20000000000000             2
    0.30000000000000    0.30000000000000    0.20000000000000             2
   -0.40000000000000   -0.30000000000000    0.20000000000000             2
    0.30000000000000    0.40000000000001    0.20000000000000             2
   -0.30000000000000   -0.30000000000000    0.20000000000000             2
    0.40000000000001    0.30000000000000    0.20000000000000             2
   -0.30000000000000   -0.40000000000000    0.20000000000000             2
    0.00000000000000    0.00000000000000    0.40000000000000             2
    0.10000000000000    0.00000000000000    0.40000000000000             2
    0.10000000000000   -0.10000000000000    0.40000000000000             2
    0.00000000000000   -0.10000000000000    0.40000000000000             2
   -0.10000000000000    0.00000000000000    0.40000000000000             2
   -0.10000000000000    0.10000000000000    0.40000000000000             2
    0.00000000000000    0.10000000000000    0.40000000000000             2
    0.20000000000000    0.00000000000000    0.40000000000000             2
    0.20000000000000   -0.20000000000000    0.40000000000000             2
    0.00000000000000   -0.20000000000000    0.40000000000000             2
   -0.20000000000000    0.00000000000000    0.40000000000000             2
   -0.20000000000000    0.20000000000000    0.40000000000000             2
    0.00000000000000    0.20000000000000    0.40000000000000             2
    0.30000000000000    0.00000000000000    0.40000000000000             2
    0.30000000000000   -0.30000000000000    0.40000000000000             2
    0.00000000000000   -0.30000000000000    0.40000000000000             2
   -0.30000000000000    0.00000000000000    0.40000000000000             2
   -0.30000000000000    0.30000000000000    0.40000000000000             2
    0.00000000000000    0.30000000000000    0.40000000000000             2
    0.40000000000000    0.00000000000000    0.40000000000000             2
    0.40000000000000   -0.40000000000000    0.40000000000000             2
    0.00000000000000   -0.40000000000000    0.40000000000000             2
   -0.40000000000000    0.00000000000000    0.40000000000000             2
   -0.40000000000000    0.40000000000000    0.40000000000000             2
    0.00000000000000    0.40000000000000    0.40000000000000             2
    0.50000000000000    0.00000000000000    0.40000000000000             2
    0.50000000000000    0.50000000000000    0.40000000000000             2
    0.00000000000000    0.50000000000000    0.40000000000000             2
    0.10000000000000    0.10000000000000    0.40000000000000             2
    0.20000000000000   -0.10000000000000    0.40000000000000             2
    0.10000000000000   -0.20000000000000    0.40000000000000             2
   -0.10000000000000   -0.10000000000000    0.40000000000000             2
   -0.20000000000000    0.10000000000000    0.40000000000000             2
   -0.10000000000000    0.20000000000000    0.40000000000000             2
    0.20000000000000    0.10000000000000    0.40000000000000             2
    0.30000000000001   -0.20000000000000    0.40000000000000             2
    0.10000000000000   -0.30000000000000    0.40000000000000             2
   -0.20000000000000   -0.10000000000000    0.40000000000000             2
   -0.30000000000000    0.20000000000000    0.40000000000000             2
   -0.10000000000000    0.30000000000001    0.40000000000000             2
   -0.10000000000000   -0.20000000000000   -0.40000000000000             2
    0.20000000000000   -0.30000000000000   -0.40000000000000             2
    0.30000000000001   -0.10000000000000   -0.40000000000000             2
    0.10000000000000    0.20000000000000   -0.40000000000000             2
   -0.20000000000000    0.30000000000001   -0.40000000000000             2
   -0.30000000000000    0.10000000000000   -0.40000000000000             2
    0.30000000000000    0.10000000000000    0.40000000000000             2
    0.40000000000000   -0.30000000000000    0.40000000000000             2
    0.10000000000000   -0.40000000000000    0.40000000000000             2
   -0.30000000000000   -0.10000000000000    0.40000000000000             2
   -0.40000000000000    0.30000000000000    0.40000000000000             2
   -0.10000000000000    0.40000000000000    0.40000000000000             2
   -0.10000000000000   -0.30000000000000   -0.40000000000000             2
    0.30000000000000   -0.40000000000000   -0.40000000000000             2
    0.40000000000000   -0.10000000000000   -0.40000000000000             2
    0.10000000000000    0.30000000000000   -0.40000000000000             2
   -0.30000000000000    0.40000000000000   -0.40000000000000             2
   -0.40000000000000    0.10000000000000   -0.40000000000000             2
    0.40000000000000    0.10000000000000    0.40000000000000             2
    0.50000000000000   -0.40000000000000    0.40000000000000             2
    0.10000000000000    0.50000000000000    0.40000000000000             2
   -0.40000000000000   -0.10000000000000    0.40000000000000             2
    0.50000000000000    0.40000000000000    0.40000000000000             2
   -0.10000000000000    0.50000000000000    0.40000000000000             2
   -0.10000000000000   -0.40000000000000   -0.40000000000000             2
    0.40000000000000    0.50000000000000   -0.40000000000000             2
    0.50000000000000   -0.10000000000000   -0.40000000000000             2
    0.10000000000000    0.40000000000000   -0.40000000000000             2
   -0.40000000000000    0.50000000000000   -0.40000000000000             2
    0.50000000000000    0.10000000000000   -0.40000000000000             2
    0.20000000000000    0.20000000000000    0.40000000000000             2
    0.40000000000001   -0.20000000000000    0.40000000000000             2
    0.20000000000000   -0.40000000000000    0.40000000000000             2
   -0.20000000000000   -0.20000000000000    0.40000000000000             2
   -0.40000000000000    0.20000000000000    0.40000000000000             2
   -0.20000000000000    0.40000000000001    0.40000000000000             2
    0.30000000000000    0.20000000000000    0.40000000000000             2
    0.50000000000000   -0.30000000000000    0.40000000000000             2
    0.20000000000000    0.50000000000000    0.40000000000000             2
   -0.30000000000000   -0.20000000000000    0.40000000000000             2
    0.50000000000000    0.30000000000000    0.40000000000000             2
   -0.20000000000000    0.50000000000000    0.40000000000000             2
   -0.20000000000000   -0.30000000000000   -0.40000000000000             2
    0.30000000000000    0.50000000000000   -0.40000000000000             2
    0.50000000000000   -0.20000000000000   -0.40000000000000             2
    0.20000000000000    0.30000000000000   -0.40000000000000             2
   -0.30000000000000    0.50000000000000   -0.40000000000000             2
    0.50000000000000    0.20000000000000   -0.40000000000000             2
    0.40000000000000    0.20000000000000    0.40000000000000             2
   -0.40000000000000   -0.40000000000000    0.40000000000000             2
    0.20000000000000    0.40000000000000    0.40000000000000             2
   -0.40000000000000   -0.20000000000000    0.40000000000000             2
    0.40000000000000    0.40000000000000    0.40000000000000             2
   -0.20000000000000   -0.40000000000000    0.40000000000000             2
    0.30000000000000    0.30000000000000    0.40000000000000             2
   -0.40000000000000   -0.30000000000000    0.40000000000000             2
    0.30000000000000    0.40000000000001    0.40000000000000             2
   -0.30000000000000   -0.30000000000000    0.40000000000000             2
    0.40000000000001    0.30000000000000    0.40000000000000             2
   -0.30000000000000   -0.40000000000000    0.40000000000000             2
Tetrahedra
      1500    0.00033333333333
         2         2         4        17        59
         2         1         2         4        59
         2         1         2        53        59
         2         2        17        59        81
         2         2        54        59        81
         2         2        53        54        59
         2         5        17        20        81
         2         2         5        17        81
         2         2         5        54        81
         2         5        20        81        87
         2         5        60        81        87
         2         5        54        60        81
         2         8        20        26        87
         2         5         8        20        87
         2         5         8        60        87
         2         8        26        87        99
         2         8        66        87        99
         2         8        60        66        87
         2        11        26        32        99
         2         8        11        26        99
         2         8        11        66        99
         2        11        32        99       111
         2        11        72        99       111
         2        11        66        72        99
         2        14        32        37       111
         2        11        14        32       111
         2        11        14        72       111
         2        14        37       111       119
         2        14        78       111       119
         2        14        72        78       111
         2        11        31        37       119
         2        11        14        37       119
         2        11        14        78       119
         2        11        31       107       119
         2        11        75       107       119
         2        11        75        78       119
         2         8        25        31       107
         2         8        11        31       107
         2         8        11        75       107
         2         8        25        95       107
         2         8        69        95       107
         2         8        69        75       107
         2         5        18        25        95
         2         5         8        25        95
         2         5         8        69        95
         2         5        18        85        95
         2         5        63        85        95
         2         5        63        69        95
         2         2         3        18        85
         2         2         5        18        85
         2         2         5        63        85
         2         2         3        58        85
         2         2        57        58        85
         2         2        57        63        85
         2         1         3         4        58
         2         1         2         3        58
         2         1         2        57        58
         2         1         4        58        59
         2         1        53        58        59
         2         1        53        57        58
         2         7        17        23        65
         2         4         7        17        65
         2         4        17        59        65
         2        17        23        65        93
         2        17        65        81        93
         2        17        59        65        81
         2        20        23        38        93
         2        17        20        23        93
         2        17        20        81        93
         2        20        38        93       123
         2        20        87        93       123
         2        20        81        87        93
         2        26        38        41       123
         2        20        26        38       123
         2        20        26        87       123
         2        26        41       123       129
         2        26        99       123       129
         2        26        87        99       123
         2        32        41        47       129
         2        26        32        41       129
         2        26        32        99       129
         2        32        47       129       141
         2        32       111       129       141
         2        32        99       111       129
         2        37        46        47       141
         2        32        37        47       141
         2        32        37       111       141
         2        37        46       137       141
         2        37       119       137       141
         2        37       111       119       141
         2        31        39        46       137
         2        31        37        46       137
         2        31        37       119       137
         2        31        39       127       137
         2        31       107       127       137
         2        31       107       119       137
         2        21        25        39       127
         2        25        31        39       127
         2        25        31       107       127
         2        21        25        91       127
         2        25        91        95       127
         2        25        95       107       127
         2         6        18        21        91
         2        18        21        25        91
         2        18        25        91        95
         2         6        18        64        91
         2        18        64        85        91
         2        18        85        91        95
         2         3         6        19        64
         2         3         6        18        64
         2         3        18        64        85
         2         3        19        64        86
         2         3        58        64        86
         2         3        58        64        85
         2         4         7        19        86
         2         3         4        19        86
         2         3         4        58        86
         2         4         7        65        86
         2         4        59        65        86
         2         4        58        59        86
         2        10        23        29        71
         2         7        10        23        71
         2         7        23        65        71
         2        23        29        71       105
         2        23        71        93       105
         2        23        65        71        93
         2        29        38        44       105
         2        23        29        38       105
         2        23        38        93       105
         2        38        44       105       135
         2        38       105       123       135
         2        38        93       105       123
         2        41        44        50       135
         2        38        41        44       135
         2        38        41       123       135
         2        41        50       135       147
         2        41       129       135       147
         2        41       123       129       135
         2        47        50        51       147
         2        41        47        50       147
         2        41        47       129       147
         2        47        51       147       151
         2        47       141       147       151
         2        47       129       141       147
         2        42        46        51       151
         2        46        47        51       151
         2        46        47       141       151
         2        42        46       133       151
         2        46       133       137       151
         2        46       137       141       151
         2        27        39        42       133
         2        39        42        46       133
         2        39        46       133       137
         2        27        39       103       133
         2        39       103       127       133
         2        39       127       133       137
         2         9        21        27       103
         2        21        27        39       103
         2        21        39       103       127
         2         9        21        70       103
         2        21        70        91       103
         2        21        91       103       127
         2         6         9        24        70
         2         6         9        21        70
         2         6        21        70        91
         2         6        24        70        94
         2         6        64        70        94
         2         6        64        70        91
         2        19        22        24        94
         2         6        19        24        94
         2         6        19        64        94
         2        19        22        92        94
         2        19        86        92        94
         2        19        64        86        94
         2         7        10        22        92
         2         7        19        22        92
         2         7        19        86        92
         2         7        10        71        92
         2         7        65        71        92
         2         7        65        86        92
         2        13        29        35        77
         2        10        13        29        77
         2        10        29        71        77
         2        29        35        77       117
         2        29        77       105       117
         2        29        71        77       105
         2        35        44        49       117
         2        29        35        44       117
         2        29        44       105       117
         2        44        49       117       143
         2        44       117       135       143
         2        44       105       117       135
         2        49        50        52       143
         2        44        49        50       143
         2        44        50       135       143
         2        50        52       143       149
         2        50       143       147       149
         2        50       135       143       147
         2        48        51        52       149
         2        50        51        52       149
         2        50        51       147       149
         2        48        51       145       149
         2        51       145       149       151
         2        51       147       149       151
         2        33        42        48       145
         2        42        48        51       145
         2        42        51       145       151
         2        33        42       115       145
         2        42       115       133       145
         2        42       133       145       151
         2        12        27        33       115
         2        27        33        42       115
         2        27        42       115       133
         2        12        27        76       115
         2        27        76       103       115
         2        27       103       115       133
         2         9        12        30        76
         2         9        12        27        76
         2         9        27        76       103
         2         9        30        76       106
         2         9        70        76       106
         2         9        70        76       103
         2        24        30        40       106
         2         9        24        30       106
         2         9        24        70       106
         2        24        40       106       128
         2        24        94       106       128
         2        24        70        94       106
         2        22        28        40       128
         2        22        24        40       128
         2        22        24        94       128
         2        22        28       104       128
         2        22        92       104       128
         2        22        92        94       128
         2        10        13        28       104
         2        10        22        28       104
         2        10        22        92       104
         2        10        13        77       104
         2        10        71        77       104
         2        10        71        92       104
         2        16        34        35        80
         2        13        16        35        80
         2        13        35        77        80
         2        34        35        80       113
         2        35        80       113       117
         2        35        77        80       117
         2        34        43        49       113
         2        34        35        49       113
         2        35        49       113       117
         2        43        49       113       131
         2        49       113       131       143
         2        49       113       117       143
         2        43        45        52       131
         2        43        49        52       131
         2        49        52       131       143
         2        45        52       131       139
         2        52       131       139       149
         2        52       131       143       149
         2        36        45        48       139
         2        45        48        52       139
         2        48        52       139       149
         2        36        48       121       139
         2        48       121       139       145
         2        48       139       145       149
         2        15        33        36       121
         2        33        36        48       121
         2        33        48       121       145
         2        15        33        79       121
         2        33        79       115       121
         2        33       115       121       145
         2        12        15        36        79
         2        12        15        33        79
         2        12        33        79       115
         2        12        36        79       118
         2        12        76        79       118
         2        12        76        79       115
         2        30        36        45       118
         2        12        30        36       118
         2        12        30        76       118
         2        30        45       118       136
         2        30       106       118       136
         2        30        76       106       118
         2        40        43        45       136
         2        30        40        45       136
         2        30        40       106       136
         2        40        43       134       136
         2        40       128       134       136
         2        40       106       128       136
         2        28        34        43       134
         2        28        40        43       134
         2        28        40       128       134
         2        28        34       116       134
         2        28       104       116       134
         2        28       104       128       134
         2        13        16        34       116
         2        13        28        34       116
         2        13        28       104       116
         2        13        16        80       116
         2        13        77        80       116
         2        13        77       104       116
         2        13        28        34        74
         2        13        16        34        74
         2        16        34        74        80
         2        28        34        74       101
         2        34        74       101       113
         2        34        74        80       113
         2        28        40        43       101
         2        28        34        43       101
         2        34        43       101       113
         2        40        43       101       125
         2        43       101       125       131
         2        43       101       113       131
         2        30        40        45       125
         2        40        43        45       125
         2        43        45       125       131
         2        30        45       109       125
         2        45       109       125       139
         2        45       125       131       139
         2        12        30        36       109
         2        30        36        45       109
         2        36        45       109       139
         2        12        36        73       109
         2        36        73       109       121
         2        36       109       121       139
         2        12        15        33        73
         2        12        15        36        73
         2        15        36        73       121
         2        15        33        73       112
         2        15        73        79       112
         2        15        73        79       121
         2        33        36        48       112
         2        15        33        36       112
         2        15        36        79       112
         2        36        48       112       142
         2        36       112       118       142
         2        36        79       112       118
         2        45        48        52       142
         2        36        45        48       142
         2        36        45       118       142
         2        45        52       142       152
         2        45       136       142       152
         2        45       118       136       142
         2        43        49        52       152
         2        43        45        52       152
         2        43        45       136       152
         2        43        49       146       152
         2        43       134       146       152
         2        43       134       136       152
         2        34        35        49       146
         2        34        43        49       146
         2        34        43       134       146
         2        34        35       120       146
         2        34       116       120       146
         2        34       116       134       146
         2        13        16        35       120
         2        16        34        35       120
         2        16        34       116       120
         2        13        16        74       120
         2        16        74        80       120
         2        16        80       116       120
         2        10        22        28        68
         2        10        13        28        68
         2        13        28        68        74
         2        22        28        68        89
         2        28        68        89       101
         2        28        68        74       101
         2        22        24        40        89
         2        22        28        40        89
         2        28        40        89       101
         2        24        40        89        97
         2        40        89        97       125
         2        40        89       101       125
         2         9        24        30        97
         2        24        30        40        97
         2        30        40        97       125
         2         9        30        67        97
         2        30        67        97       109
         2        30        97       109       125
         2         9        12        27        67
         2         9        12        30        67
         2        12        30        67       109
         2        12        27        67       100
         2        12        67        73       100
         2        12        67        73       109
         2        27        33        42       100
         2        12        27        33       100
         2        12        33        73       100
         2        33        42       100       130
         2        33       100       112       130
         2        33        73       100       112
         2        42        48        51       130
         2        33        42        48       130
         2        33        48       112       130
         2        48        51       130       148
         2        48       130       142       148
         2        48       112       130       142
         2        50        51        52       148
         2        48        51        52       148
         2        48        52       142       148
         2        50        52       148       150
         2        52       148       150       152
         2        52       142       148       152
         2        44        49        50       150
         2        49        50        52       150
         2        49        52       150       152
         2        44        49       138       150
         2        49       138       146       150
         2        49       146       150       152
         2        29        35        44       138
         2        35        44        49       138
         2        35        49       138       146
         2        29        35       108       138
         2        35       108       120       138
         2        35       120       138       146
         2        10        13        29       108
         2        13        29        35       108
         2        13        35       108       120
         2        10        13        68       108
         2        13        68        74       108
         2        13        74       108       120
         2         7        19        22        62
         2         7        10        22        62
         2        10        22        62        68
         2        19        22        62        83
         2        22        62        83        89
         2        22        62        68        89
         2         6        19        24        83
         2        19        22        24        83
         2        22        24        83        89
         2         6        24        61        83
         2        24        61        83        97
         2        24        83        89        97
         2         6         9        21        61
         2         6         9        24        61
         2         9        24        61        97
         2         9        21        61        88
         2         9        61        67        88
         2         9        61        67        97
         2        21        27        39        88
         2         9        21        27        88
         2         9        27        67        88
         2        27        39        88       124
         2        27        88       100       124
         2        27        67        88       100
         2        39        42        46       124
         2        27        39        42       124
         2        27        42       100       124
         2        42        46       124       140
         2        42       124       130       140
         2        42       100       124       130
         2        46        47        51       140
         2        42        46        51       140
         2        42        51       130       140
         2        47        51       140       144
         2        51       140       144       148
         2        51       130       140       148
         2        41        47        50       144
         2        47        50        51       144
         2        50        51       144       148
         2        41        50       132       144
         2        50       132       144       150
         2        50       144       148       150
         2        38        41        44       132
         2        41        44        50       132
         2        44        50       132       150
         2        38        44       126       132
         2        44       126       132       138
         2        44       132       138       150
         2        23        29        38       126
         2        29        38        44       126
         2        29        44       126       138
         2        23        29        96       126
         2        29        96       108       126
         2        29       108       126       138
         2         7        10        23        96
         2        10        23        29        96
         2        10        29        96       108
         2         7        10        62        96
         2        10        62        68        96
         2        10        68        96       108
         2         3         4        19        56
         2         4         7        19        56
         2         7        19        56        62
         2         3        19        55        56
         2        19        55        56        83
         2        19        56        62        83
         2         3         6        18        55
         2         3         6        19        55
         2         6        19        55        83
         2         6        18        55        82
         2         6        55        61        82
         2         6        55        61        83
         2        18        21        25        82
         2         6        18        21        82
         2         6        21        61        82
         2        21        25        82        98
         2        21        82        88        98
         2        21        61        82        88
         2        25        31        39        98
         2        21        25        39        98
         2        21        39        88        98
         2        31        39        98       110
         2        39        98       110       124
         2        39        88        98       124
         2        31        37        46       110
         2        31        39        46       110
         2        39        46       110       124
         2        37        46       110       122
         2        46       110       122       140
         2        46       110       124       140
         2        32        37        47       122
         2        37        46        47       122
         2        46        47       122       140
         2        32        47       114       122
         2        47       114       122       144
         2        47       122       140       144
         2        26        32        41       114
         2        32        41        47       114
         2        41        47       114       144
         2        26        41       102       114
         2        41       102       114       132
         2        41       114       132       144
         2        20        26        38       102
         2        26        38        41       102
         2        38        41       102       132
         2        20        38        90       102
         2        38        90       102       126
         2        38       102       126       132
         2        17        20        23        90
         2        20        23        38        90
         2        23        38        90       126
         2        17        23        84        90
         2        23        84        90        96
         2        23        90        96       126
         2         4         7        17        84
         2         7        17        23        84
         2         7        23        84        96
         2         4         7        56        84
         2         7        56        62        84
         2         7        62        84        96
         2         1         2         3        53
         2         1         3         4        53
         2         3         4        53        56
         2         2         3        53        54
         2         3        53        54        55
         2         3        53        55        56
         2         2         5        18        54
         2         2         3        18        54
         2         3        18        54        55
         2         5        18        54        60
         2        18        54        60        82
         2        18        54        55        82
         2         5         8        25        60
         2         5        18        25        60
         2        18        25        60        82
         2         8        25        60        66
         2        25        60        66        98
         2        25        60        82        98
         2         8        11        31        66
         2         8        25        31        66
         2        25        31        66        98
         2        11        31        66        72
         2        31        66        72       110
         2        31        66        98       110
         2        11        14        37        72
         2        11        31        37        72
         2        31        37        72       110
         2        14        37        72        78
         2        37        72        78       122
         2        37        72       110       122
         2        11        14        32        78
         2        14        32        37        78
         2        32        37        78       122
         2        11        32        75        78
         2        32        75        78       114
         2        32        78       114       122
         2         8        11        26        75
         2        11        26        32        75
         2        26        32        75       114
         2         8        26        69        75
         2        26        69        75       102
         2        26        75       102       114
         2         5         8        20        69
         2         8        20        26        69
         2        20        26        69       102
         2         5        20        63        69
         2        20        63        69        90
         2        20        69        90       102
         2         2         5        17        63
         2         5        17        20        63
         2        17        20        63        90
         2         2        17        57        63
         2        17        57        63        84
         2        17        63        84        90
         2         1         2         4        57
         2         2         4        17        57
         2         4        17        57        84
         2         1         4        53        57
         2         4        53        56        57
         2         4        56        57        84
         2        54        59        81       159
         2        53        54        59       159
         2        53        54       153       159
         2        54        81       159       181
         2        54       154       159       181
         2        54       153       154       159
         2        60        81        87       181
         2        54        60        81       181
         2        54        60       154       181
         2        60        87       181       187
         2        60       160       181       187
         2        60       154       160       181
         2        66        87        99       187
         2        60        66        87       187
         2        60        66       160       187
         2        66        99       187       199
         2        66       166       187       199
         2        66       160       166       187
         2        72        99       111       199
         2        66        72        99       199
         2        66        72       166       199
         2        72       111       199       211
         2        72       172       199       211
         2        72       166       172       199
         2        78       111       119       211
         2        72        78       111       211
         2        72        78       172       211
         2        78       119       211       219
         2        78       178       211       219
         2        78       172       178       211
         2        75       107       119       219
         2        75        78       119       219
         2        75        78       178       219
         2        75       107       207       219
         2        75       175       207       219
         2        75       175       178       219
         2        69        95       107       207
         2        69        75       107       207
         2        69        75       175       207
         2        69        95       195       207
         2        69       169       195       207
         2        69       169       175       207
         2        63        85        95       195
         2        63        69        95       195
         2        63        69       169       195
         2        63        85       185       195
         2        63       163       185       195
         2        63       163       169       195
         2        57        58        85       185
         2        57        63        85       185
         2        57        63       163       185
         2        57        58       158       185
         2        57       157       158       185
         2        57       157       163       185
         2        53        58        59       158
         2        53        57        58       158
         2        53        57       157       158
         2        53        59       158       159
         2        53       153       158       159
         2        53       153       157       158
         2        65        81        93       165
         2        59        65        81       165
         2        59        81       159       165
         2        81        93       165       193
         2        81       165       181       193
         2        81       159       165       181
         2        87        93       123       193
         2        81        87        93       193
         2        81        87       181       193
         2        87       123       193       223
         2        87       187       193       223
         2        87       181       187       193
         2        99       123       129       223
         2        87        99       123       223
         2        87        99       187       223
         2        99       129       223       229
         2        99       199       223       229
         2        99       187       199       223
         2       111       129       141       229
         2        99       111       129       229
         2        99       111       199       229
         2       111       141       229       241
         2       111       211       229       241
         2       111       199       211       229
         2       119       137       141       241
         2       111       119       141       241
         2       111       119       211       241
         2       119       137       237       241
         2       119       219       237       241
         2       119       211       219       241
         2       107       127       137       237
         2       107       119       137       237
         2       107       119       219       237
         2       107       127       227       237
         2       107       207       227       237
         2       107       207       219       237
         2        91        95       127       227
         2        95       107       127       227
         2        95       107       207       227
         2        91        95       191       227
         2        95       191       195       227
         2        95       195       207       227
         2        64        85        91       191
         2        85        91        95       191
         2        85        95       191       195
         2        64        85       164       191
         2        85       164       185       191
         2        85       185       191       195
         2        58        64        86       164
         2        58        64        85       164
         2        58        85       164       185
         2        58        86       164       186
         2        58       158       164       186
         2        58       158       164       185
         2        59        65        86       186
         2        58        59        86       186
         2        58        59       158       186
         2        59        65       165       186
         2        59       159       165       186
         2        59       158       159       186
         2        71        93       105       171
         2        65        71        93       171
         2        65        93       165       171
         2        93       105       171       205
         2        93       171       193       205
         2        93       165       171       193
         2       105       123       135       205
         2        93       105       123       205
         2        93       123       193       205
         2       123       135       205       235
         2       123       205       223       235
         2       123       193       205       223
         2       129       135       147       235
         2       123       129       135       235
         2       123       129       223       235
         2       129       147       235       247
         2       129       229       235       247
         2       129       223       229       235
         2       141       147       151       247
         2       129       141       147       247
         2       129       141       229       247
         2       141       151       247       251
         2       141       241       247       251
         2       141       229       241       247
         2       133       137       151       251
         2       137       141       151       251
         2       137       141       241       251
         2       133       137       233       251
         2       137       233       237       251
         2       137       237       241       251
         2       103       127       133       233
         2       127       133       137       233
         2       127       137       233       237
         2       103       127       203       233
         2       127       203       227       233
         2       127       227       233       237
         2        70        91       103       203
         2        91       103       127       203
         2        91       127       203       227
         2        70        91       170       203
         2        91       170       191       203
         2        91       191       203       227
         2        64        70        94       170
         2        64        70        91       170
         2        64        91       170       191
         2        64        94       170       194
         2        64       164       170       194
         2        64       164       170       191
         2        86        92        94       194
         2        64        86        94       194
         2        64        86       164       194
         2        86        92       192       194
         2        86       186       192       194
         2        86       164       186       194
         2        65        71        92       192
         2        65        86        92       192
         2        65        86       186       192
         2        65        71       171       192
         2        65       165       171       192
         2        65       165       186       192
         2        77       105       117       177
         2        71        77       105       177
         2        71       105       171       177
         2       105       117       177       217
         2       105       177       205       217
         2       105       171       177       205
         2       117       135       143       217
         2       105       117       135       217
         2       105       135       205       217
         2       135       143       217       243
         2       135       217       235       243
         2       135       205       217       235
         2       143       147       149       243
         2       135       143       147       243
         2       135       147       235       243
         2       147       149       243       249
         2       147       243       247       249
         2       147       235       243       247
         2       145       149       151       249
         2       147       149       151       249
         2       147       151       247       249
         2       145       151       245       249
         2       151       245       249       251
         2       151       247       249       251
         2       115       133       145       245
         2       133       145       151       245
         2       133       151       245       251
         2       115       133       215       245
         2       133       215       233       245
         2       133       233       245       251
         2        76       103       115       215
         2       103       115       133       215
         2       103       133       215       233
         2        76       103       176       215
         2       103       176       203       215
         2       103       203       215       233
         2        70        76       106       176
         2        70        76       103       176
         2        70       103       176       203
         2        70       106       176       206
         2        70       170       176       206
         2        70       170       176       203
         2        94       106       128       206
         2        70        94       106       206
         2        70        94       170       206
         2        94       128       206       228
         2        94       194       206       228
         2        94       170       194       206
         2        92       104       128       228
         2        92        94       128       228
         2        92        94       194       228
         2        92       104       204       228
         2        92       192       204       228
         2        92       192       194       228
         2        71        77       104       204
         2        71        92       104       204
         2        71        92       192       204
         2        71        77       177       204
         2        71       171       177       204
         2        71       171       192       204
         2        80       113       117       180
         2        77        80       117       180
         2        77       117       177       180
         2       113       117       180       213
         2       117       180       213       217
         2       117       177       180       217
         2       113       131       143       213
         2       113       117       143       213
         2       117       143       213       217
         2       131       143       213       231
         2       143       213       231       243
         2       143       213       217       243
         2       131       139       149       231
         2       131       143       149       231
         2       143       149       231       243
         2       139       149       231       239
         2       149       231       239       249
         2       149       231       243       249
         2       121       139       145       239
         2       139       145       149       239
         2       145       149       239       249
         2       121       145       221       239
         2       145       221       239       245
         2       145       239       245       249
         2        79       115       121       221
         2       115       121       145       221
         2       115       145       221       245
         2        79       115       179       221
         2       115       179       215       221
         2       115       215       221       245
         2        76        79       118       179
         2        76        79       115       179
         2        76       115       179       215
         2        76       118       179       218
         2        76       176       179       218
         2        76       176       179       215
         2       106       118       136       218
         2        76       106       118       218
         2        76       106       176       218
         2       106       136       218       236
         2       106       206       218       236
         2       106       176       206       218
         2       128       134       136       236
         2       106       128       136       236
         2       106       128       206       236
         2       128       134       234       236
         2       128       228       234       236
         2       128       206       228       236
         2       104       116       134       234
         2       104       128       134       234
         2       104       128       228       234
         2       104       116       216       234
         2       104       204       216       234
         2       104       204       228       234
         2        77        80       116       216
         2        77       104       116       216
         2        77       104       204       216
         2        77        80       180       216
         2        77       177       180       216
         2        77       177       204       216
         2        74       101       113       174
         2        74        80       113       174
         2        80       113       174       180
         2       101       113       174       201
         2       113       174       201       213
         2       113       174       180       213
         2       101       125       131       201
         2       101       113       131       201
         2       113       131       201       213
         2       125       131       201       225
         2       131       201       225       231
         2       131       201       213       231
         2       109       125       139       225
         2       125       131       139       225
         2       131       139       225       231
         2       109       139       209       225
         2       139       209       225       239
         2       139       225       231       239
         2        73       109       121       209
         2       109       121       139       209
         2       121       139       209       239
         2        73       121       173       209
         2       121       173       209       221
         2       121       209       221       239
         2        73        79       112       173
         2        73        79       121       173
         2        79       121       173       221
         2        79       112       173       212
         2        79       173       179       212
         2        79       173       179       221
         2       112       118       142       212
         2        79       112       118       212
         2        79       118       179       212
         2       118       142       212       242
         2       118       212       218       242
         2       118       179       212       218
         2       136       142       152       242
         2       118       136       142       242
         2       118       136       218       242
         2       136       152       242       252
         2       136       236       242       252
         2       136       218       236       242
         2       134       146       152       252
         2       134       136       152       252
         2       134       136       236       252
         2       134       146       246       252
         2       134       234       246       252
         2       134       234       236       252
         2       116       120       146       246
         2       116       134       146       246
         2       116       134       234       246
         2       116       120       220       246
         2       116       216       220       246
         2       116       216       234       246
         2        74        80       120       220
         2        80       116       120       220
         2        80       116       216       220
         2        74        80       174       220
         2        80       174       180       220
         2        80       180       216       220
         2        68        89       101       168
         2        68        74       101       168
         2        74       101       168       174
         2        89       101       168       189
         2       101       168       189       201
         2       101       168       174       201
         2        89        97       125       189
         2        89       101       125       189
         2       101       125       189       201
         2        97       125       189       197
         2       125       189       197       225
         2       125       189       201       225
         2        67        97       109       197
         2        97       109       125       197
         2       109       125       197       225
         2        67       109       167       197
         2       109       167       197       209
         2       109       197       209       225
         2        67        73       100       167
         2        67        73       109       167
         2        73       109       167       209
         2        73       100       167       200
         2        73       167       173       200
         2        73       167       173       209
         2       100       112       130       200
         2        73       100       112       200
         2        73       112       173       200
         2       112       130       200       230
         2       112       200       212       230
         2       112       173       200       212
         2       130       142       148       230
         2       112       130       142       230
         2       112       142       212       230
         2       142       148       230       248
         2       142       230       242       248
         2       142       212       230       242
         2       148       150       152       248
         2       142       148       152       248
         2       142       152       242       248
         2       150       152       248       250
         2       152       248       250       252
         2       152       242       248       252
         2       138       146       150       250
         2       146       150       152       250
         2       146       152       250       252
         2       138       146       238       250
         2       146       238       246       250
         2       146       246       250       252
         2       108       120       138       238
         2       120       138       146       238
         2       120       146       238       246
         2       108       120       208       238
         2       120       208       220       238
         2       120       220       238       246
         2        68        74       108       208
         2        74       108       120       208
         2        74       120       208       220
         2        68        74       168       208
         2        74       168       174       208
         2        74       174       208       220
         2        62        83        89       162
         2        62        68        89       162
         2        68        89       162       168
         2        83        89       162       183
         2        89       162       183       189
         2        89       162       168       189
         2        61        83        97       183
         2        83        89        97       183
         2        89        97       183       189
         2        61        97       161       183
         2        97       161       183       197
         2        97       183       189       197
         2        61        67        88       161
         2        61        67        97       161
         2        67        97       161       197
         2        67        88       161       188
         2        67       161       167       188
         2        67       161       167       197
         2        88       100       124       188
         2        67        88       100       188
         2        67       100       167       188
         2       100       124       188       224
         2       100       188       200       224
         2       100       167       188       200
         2       124       130       140       224
         2       100       124       130       224
         2       100       130       200       224
         2       130       140       224       240
         2       130       224       230       240
         2       130       200       224       230
         2       140       144       148       240
         2       130       140       148       240
         2       130       148       230       240
         2       144       148       240       244
         2       148       240       244       248
         2       148       230       240       248
         2       132       144       150       244
         2       144       148       150       244
         2       148       150       244       248
         2       132       150       232       244
         2       150       232       244       250
         2       150       244       248       250
         2       126       132       138       232
         2       132       138       150       232
         2       138       150       232       250
         2       126       138       226       232
         2       138       226       232       238
         2       138       232       238       250
         2        96       108       126       226
         2       108       126       138       226
         2       108       138       226       238
         2        96       108       196       226
         2       108       196       208       226
         2       108       208       226       238
         2        62        68        96       196
         2        68        96       108       196
         2        68       108       196       208
         2        62        68       162       196
         2        68       162       168       196
         2        68       168       196       208
         2        55        56        83       156
         2        56        62        83       156
         2        62        83       156       162
         2        55        83       155       156
         2        83       155       156       183
         2        83       156       162       183
         2        55        61        82       155
         2        55        61        83       155
         2        61        83       155       183
         2        61        82       155       182
         2        61       155       161       182
         2        61       155       161       183
         2        82        88        98       182
         2        61        82        88       182
         2        61        88       161       182
         2        88        98       182       198
         2        88       182       188       198
         2        88       161       182       188
         2        98       110       124       198
         2        88        98       124       198
         2        88       124       188       198
         2       110       124       198       210
         2       124       198       210       224
         2       124       188       198       224
         2       110       122       140       210
         2       110       124       140       210
         2       124       140       210       224
         2       122       140       210       222
         2       140       210       222       240
         2       140       210       224       240
         2       114       122       144       222
         2       122       140       144       222
         2       140       144       222       240
         2       114       144       214       222
         2       144       214       222       244
         2       144       222       240       244
         2       102       114       132       214
         2       114       132       144       214
         2       132       144       214       244
         2       102       132       202       214
         2       132       202       214       232
         2       132       214       232       244
         2        90       102       126       202
         2       102       126       132       202
         2       126       132       202       232
         2        90       126       190       202
         2       126       190       202       226
         2       126       202       226       232
         2        84        90        96       190
         2        90        96       126       190
         2        96       126       190       226
         2        84        96       184       190
         2        96       184       190       196
         2        96       190       196       226
         2        56        62        84       184
         2        62        84        96       184
         2        62        96       184       196
         2        56        62       156       184
         2        62       156       162       184
         2        62       162       184       196
         2        53        54        55       153
         2        53        55        56       153
         2        55        56       153       156
         2        54        55       153       154
         2        55       153       154       155
         2        55       153       155       156
         2        54        60        82       154
         2        54        55        82       154
         2        55        82       154       155
         2        60        82       154       160
         2        82       154       160       182
         2        82       154       155       182
         2        60        66        98       160
         2        60        82        98       160
         2        82        98       160       182
         2        66        98       160       166
         2        98       160       166       198
         2        98       160       182       198
         2        66        72       110       166
         2        66        98       110       166
         2        98       110       166       198
         2        72       110       166       172
         2       110       166       172       210
         2       110       166       198       210
         2        72        78       122       172
         2        72       110       122       172
         2       110       122       172       210
         2        78       122       172       178
         2       122       172       178       222
         2       122       172       210       222
         2        75        78       114       178
         2        78       114       122       178
         2       114       122       178       222
         2        75       114       175       178
         2       114       175       178       214
         2       114       178       214       222
         2        69        75       102       175
         2        75       102       114       175
         2       102       114       175       214
         2        69       102       169       175
         2       102       169       175       202
         2       102       175       202       214
         2        63        69        90       169
         2        69        90       102       169
         2        90       102       169       202
         2        63        90       163       169
         2        90       163       169       190
         2        90       169       190       202
         2        57        63        84       163
         2        63        84        90       163
         2        84        90       163       190
         2        57        84       157       163
         2        84       157       163       184
         2        84       163       184       190
         2        53        56        57       157
         2        56        57        84       157
         2        56        84       157       184
         2        53        56       153       157
         2        56       153       156       157
         2        56       156       157       184
         2       154       156       159       181
         2       153       154       156       159
         2       153       153       154       156
         2       154       156       181       184
         2       154       156       157       184
         2       153       154       156       157
         2       160       181       184       187
         2       154       160       181       184
         2       154       157       160       184
         2       160       184       187       190
         2       160       163       184       190
         2       157       160       163       184
         2       166       187       190       199
         2       160       166       187       190
         2       160       163       166       190
         2       166       190       199       202
         2       166       169       190       202
         2       163       166       169       190
         2       172       199       202       211
         2       166       172       199       202
         2       166       169       172       202
         2       172       202       211       214
         2       172       175       202       214
         2       169       172       175       202
         2       178       211       214       219
         2       172       178       211       214
         2       172       175       178       214
         2       178       214       219       222
         2       178       178       214       222
         2       175       178       178       214
         2       175       207       219       222
         2       175       178       219       222
         2       175       178       178       222
         2       175       207       210       222
         2       172       175       210       222
         2       172       175       178       222
         2       169       195       207       210
         2       169       175       207       210
         2       169       172       175       210
         2       169       195       198       210
         2       166       169       198       210
         2       166       169       172       210
         2       163       185       195       198
         2       163       169       195       198
         2       163       166       169       198
         2       163       182       185       198
         2       160       163       182       198
         2       160       163       166       198
         2       157       158       182       185
         2       157       163       182       185
         2       157       160       163       182
         2       155       157       158       182
         2       154       155       157       182
         2       154       157       160       182
         2       153       155       158       159
         2       153       155       157       158
         2       153       154       155       157
         2       153       155       156       159
         2       153       153       155       156
         2       153       153       154       155
         2       162       165       181       193
         2       159       162       165       181
         2       156       159       162       181
         2       162       181       193       196
         2       162       181       184       196
         2       156       162       181       184
         2       187       193       196       223
         2       181       187       193       196
         2       181       184       187       196
         2       187       196       223       226
         2       187       190       196       226
         2       184       187       190       196
         2       199       223       226       229
         2       187       199       223       226
         2       187       190       199       226
         2       199       226       229       232
         2       199       202       226       232
         2       190       199       202       226
         2       211       229       232       241
         2       199       211       229       232
         2       199       202       211       232
         2       211       232       241       244
         2       211       214       232       244
         2       202       211       214       232
         2       219       237       241       244
         2       211       219       241       244
         2       211       214       219       244
         2       219       237       240       244
         2       219       222       240       244
         2       214       219       222       244
         2       207       227       237       240
         2       207       219       237       240
         2       207       219       222       240
         2       207       224       227       240
         2       207       210       224       240
         2       207       210       222       240
         2       191       195       224       227
         2       195       207       224       227
         2       195       207       210       224
         2       188       191       195       224
         2       188       195       198       224
         2       195       198       210       224
         2       164       185       188       191
         2       185       188       191       195
         2       185       188       195       198
         2       161       164       185       188
         2       161       182       185       188
         2       182       185       188       198
         2       158       161       164       186
         2       158       161       164       185
         2       158       161       182       185
         2       158       161       183       186
         2       155       158       161       183
         2       155       158       161       182
         2       159       165       183       186
         2       158       159       183       186
         2       155       158       159       183
         2       159       162       165       183
         2       156       159       162       183
         2       155       156       159       183
         2       168       171       193       205
         2       165       168       171       193
         2       162       165       168       193
         2       168       193       205       208
         2       168       193       196       208
         2       162       168       193       196
         2       205       208       223       235
         2       193       205       208       223
         2       193       196       208       223
         2       208       223       235       238
         2       208       223       226       238
         2       196       208       223       226
         2       229       235       238       247
         2       223       229       235       238
         2       223       226       229       238
         2       229       238       247       250
         2       229       232       238       250
         2       226       229       232       238
         2       241       247       250       251
         2       229       241       247       250
         2       229       232       241       250
         2       241       248       250       251
         2       241       244       248       250
         2       232       241       244       250
         2       233       237       248       251
         2       237       241       248       251
         2       237       241       244       248
         2       230       233       237       248
         2       230       237       240       248
         2       237       240       244       248
         2       203       227       230       233
         2       227       230       233       237
         2       227       230       237       240
         2       200       203       227       230
         2       200       224       227       230
         2       224       227       230       240
         2       170       191       200       203
         2       191       200       203       227
         2       191       200       224       227
         2       167       170       191       200
         2       167       188       191       200
         2       188       191       200       224
         2       164       167       170       194
         2       164       167       170       191
         2       164       167       188       191
         2       164       167       194       197
         2       161       164       167       197
         2       161       164       167       188
         2       186       192       194       197
         2       164       186       194       197
         2       161       164       186       197
         2       186       189       192       197
         2       183       186       189       197
         2       161       183       186       197
         2       165       171       189       192
         2       165       186       189       192
         2       165       183       186       189
         2       165       168       171       189
         2       162       165       168       189
         2       162       165       183       189
         2       174       177       205       217
         2       171       174       177       205
         2       168       171       174       205
         2       174       205       217       220
         2       174       205       208       220
         2       168       174       205       208
         2       217       220       235       243
         2       205       217       220       235
         2       205       208       220       235
         2       220       235       243       246
         2       220       235       238       246
         2       208       220       235       238
         2       243       246       247       249
         2       235       243       246       247
         2       235       238       246       247
         2       246       247       249       252
         2       246       247       250       252
         2       238       246       247       250
         2       245       249       251       252
         2       247       249       251       252
         2       247       250       251       252
         2       242       245       251       252
         2       242       248       251       252
         2       248       250       251       252
         2       215       233       242       245
         2       233       242       245       251
         2       233       242       248       251
         2       212       215       233       242
         2       212       230       233       242
         2       230       233       242       248
         2       176       203       212       215
         2       203       212       215       233
         2       203       212       230       233
         2       173       176       203       212
         2       173       200       203       212
         2       200       203       212       230
         2       170       173       176       206
         2       170       173       176       203
         2       170       173       200       203
         2       170       173       206       209
         2       167       170       173       209
         2       167       170       173       200
         2       194       206       209       228
         2       170       194       206       209
         2       167       170       194       209
         2       194       209       225       228
         2       194       197       209       225
         2       167       194       197       209
         2       192       204       225       228
         2       192       194       225       228
         2       192       194       197       225
         2       192       201       204       225
         2       189       192       201       225
         2       189       192       197       225
         2       171       177       201       204
         2       171       192       201       204
         2       171       189       192       201
         2       171       174       177       201
         2       168       171       174       201
         2       168       171       189       201
         2       180       180       213       217
         2       177       180       180       217
         2       174       177       180       217
         2       180       213       216       217
         2       180       216       217       220
         2       174       180       217       220
         2       213       216       231       243
         2       213       216       217       243
         2       216       217       220       243
         2       216       231       234       243
         2       216       234       243       246
         2       216       220       243       246
         2       231       234       239       249
         2       231       234       243       249
         2       234       243       246       249
         2       234       236       239       249
         2       234       236       249       252
         2       234       246       249       252
         2       221       236       239       245
         2       236       239       245       249
         2       236       245       249       252
         2       218       221       236       245
         2       218       236       242       245
         2       236       242       245       252
         2       179       215       218       221
         2       215       218       221       245
         2       215       218       242       245
         2       179       179       215       218
         2       179       212       215       218
         2       212       215       218       242
         2       176       179       179       218
         2       176       179       179       215
         2       176       179       212       215
         2       176       179       218       221
         2       173       176       179       221
         2       173       176       179       212
         2       206       218       221       236
         2       176       206       218       221
         2       173       176       206       221
         2       206       221       236       239
         2       206       209       221       239
         2       173       206       209       221
         2       228       234       236       239
         2       206       228       236       239
         2       206       209       228       239
         2       228       231       234       239
         2       225       228       231       239
         2       209       225       228       239
         2       204       216       231       234
         2       204       228       231       234
         2       204       225       228       231
         2       204       213       216       231
         2       201       204       213       231
         2       201       204       225       231
         2       177       180       213       216
         2       177       204       213       216
         2       177       201       204       213
         2       177       180       180       213
         2       174       177       180       213
         2       174       177       201       213
